 - id: 1
   submission_id: 1
   name: 'Mr. Committee'
   email: 'mrc1@psu.edu'
   legacy_id: 3
   is_required: true
   committee_role_id: 1
   created_at: 2009-11-30 20:51:35.000000000 -05:00
   updated_at: 2016-04-14 13:23:28.000000000 -04:00
 - id: 2
   submission_id: 2
   name: 'Mr. Committee 2'
   email: 'mrc2@psu.edu'
   legacy_id: 2
   is_required: true
   committee_role_id: 1
   created_at: 2009-11-30 20:51:35.000000000 -05:00
   updated_at: 2016-04-14 13:23:28.000000000 -04:00
