 - id: 1
   submission_id: 1
   id_number: '2016-1234'
   created_at: 2009-11-30 20:51:35.000000000 -05:00
   updated_at: 2016-04-14 13:23:28.000000000 -04:00
 - id: 2
   submission_id: 2
   id_number: '2018-abc'
   created_at: 2009-11-30 20:51:35.000000000 -05:00
   updated_at: 2016-04-14 13:23:28.000000000 -04:00
